0;1;0.5;0;0;0;0
0.02;1.01000004;0.517992;0.500001999999999;0.8996;0;0
0.04;1.02000032;0.535968;0.500014000000004;0.8988;0.000600000000239298;-0.04000000000004
0.06;1.03000108;0.553928;0.500037999999992;0.897999999999999;0.00119999999937392;-0.0400000000000345
0.08;1.04000256;0.571872;0.500074000000006;0.897200000000003;0.00180000000070679;-0.0399999999997791
0.1;1.050005;0.5898;0.500122000000003;0.896399999999997;0.00239999999984697;-0.0400000000003176
0.12;1.06000864;0.607712;0.500181999999994;0.895600000000002;0.00299999999954781;-0.0399999999997292
0.14;1.07001372;0.625608;0.500254;0.8948;0.00360000000029226;-0.040000000000101
0.16;1.08002048;0.643488;0.500338;0.893999999999995;0.00420000000004306;-0.0400000000002565
0.18;1.09002916;0.661352;0.500434000000005;0.893200000000006;0.00480000000024905;-0.0399999999994849
0.2;1.10004;0.6792;0.500541999999992;0.892399999999998;0.00539999999934481;-0.0400000000003786
0.22;1.11005324;0.697032;0.500662000000007;0.891599999999998;0.00600000000076095;-0.039999999999979
0.24;1.12006912;0.714848;0.500793999999994;0.890800000000003;0.00659999999930161;-0.0399999999997625
0.26;1.13008788;0.732648;0.500938000000006;0.889999999999996;0.00720000000061782;-0.0400000000003786
0.28;1.14010976;0.750432;0.501094000000001;0.8892;0.0077999999997802;-0.0399999999997624
0.3;1.150135;0.7682;0.501261999999992;0.888400000000002;0.00839999999953657;-0.039999999999918
0.32;1.16016384;0.785952;0.501442000000007;0.887599999999999;0.00900000000074174;-0.0400000000001621
0.34;1.17019652;0.803688;0.501633999999995;0.886799999999998;0.00959999999938787;-0.04000000000004
0.36;1.18023328;0.821408;0.501838;0.886000000000005;0.0102000000002545;-0.0399999999996404
0.38;1.19027436;0.839112;0.502054000000007;0.885199999999996;0.0108000000003494;-0.0400000000004396
0.4;1.20032;0.8568;0.502281999999998;0.884400000000001;0.0113999999995506;-0.0399999999997624
0.42;1.21037044;0.874472;0.502521999999995;0.883600000000003;0.0119999999998621;-0.039999999999918
0.44;1.22042592;0.892128;0.502774000000005;0.882799999999999;0.0126000000005122;-0.0400000000001621
0.46;1.23048668;0.909768;0.503038;0.881999999999999;0.0131999999997134;-0.04000000000004
0.48;1.24055296;0.927392;0.503314;0.8812;0.0138000000000249;-0.039999999999918
0.5;1.250625;0.945;0.503602000000003;0.880399999999997;0.0144000000001199;-0.0400000000001621
0.52;1.26070304;0.962592;0.503902;0.879600000000002;0.0149999999998762;-0.0399999999997624
0.54;1.27078732;0.980168;0.504213999999991;0.878800000000001;0.0155999999995604;-0.04000000000004
0.56;1.28087808;0.997728;0.504537999999998;0.877999999999995;0.0162000000003548;-0.0400000000003175
0.58;1.29097556;1.015272;0.504874000000002;0.877200000000004;0.0168000000001779;-0.0399999999995184
0.6;1.30108;1.0328;0.505222000000005;0.876399999999999;0.0174000000001395;-0.0400000000002842
0.62;1.31119164;1.050312;0.505582000000004;0.875599999999998;0.0179999999999625;-0.04000000000004
0.64;1.32131072;1.067808;0.505953999999997;0.874800000000008;0.0185999999996467;-0.0399999999994849
0.66;1.33143748;1.085288;0.506337999999995;0.873999999999996;0.019199999999886;-0.0400000000005951
0.68;1.34157216;1.102752;0.506733999999997;0.873199999999995;0.0198000000001253;-0.04000000000004
0.7;1.351715;1.1202;0.507142000000007;0.872400000000011;0.0204000000005034;-0.0399999999992408
0.72;1.36186624;1.137632;0.507561999999994;0.871599999999994;0.0209999999993549;-0.0400000000008393
0.74;1.37202612;1.155048;0.507994;0.870800000000004;0.021600000000288;-0.0399999999994849
0.76;1.38219488;1.172448;0.508438;0.869999999999992;0.0221999999999722;-0.0400000000005951
0.78;1.39237276;1.189832;0.508894000000004;0.869200000000003;0.0228000000002115;-0.0399999999994849
0.8;1.40256;1.2072;0.509362000000002;0.868400000000002;0.0233999999998957;-0.04000000000004
0.82;1.41275684;1.224552;0.509841999999996;0.867600000000006;0.0239999999997188;-0.0399999999998015
0.84;1.42296352;1.241888;0.510334000000001;0.8668;0.0246000000002355;-0.0400000000002787
0.86;1.43318028;1.259208;0.510838000000002;0.865999999999999;0.0252000000000585;-0.04000000000004
0.88;1.44340736;1.276512;0.511353999999997;0.865199999999999;0.0257999999997427;-0.04000000000004
0.9;1.453645;1.2938;0.511882000000007;0.864399999999998;0.0264000000005371;-0.04000000000004
0.92;1.46389344;1.311072;0.512422000000001;0.863599999999997;0.0269999999996662;-0.04000000000004
0.94;1.47415292;1.328328;0.512974000000002;0.862800000000001;0.0276000000000499;-0.0399999999998015
0.96;1.48442368;1.345568;0.513537999999991;0.862000000000006;0.0281999999994453;-0.0399999999997236
0.98;1.49470596;1.362792;0.514113999999998;0.861199999999995;0.028800000000384;-0.0400000000005951
1;1.505;1.38;0.514702;0.860399999999994;0.0294000000000682;-0.04000000000004
1.02;1.51530604;1.397192;0.515302000000006;0.859600000000004;0.0300000000003075;-0.0399999999994849
1.04;1.52562432;1.414368;0.515913999999995;0.858800000000003;0.0305999999994366;-0.04000000000004
1.06;1.53595508;1.431528;0.516537999999999;0.857999999999991;0.031200000000231;-0.0400000000005951
1.08;1.54629856;1.448672;0.517174000000009;0.857200000000002;0.0318000000004703;-0.0399999999994849
1.1;1.556655;1.4658;0.51782199999999;0.856400000000001;0.0323999999990443;-0.04000000000004
1.12;1.56702464;1.482912;0.518482000000009;0.8556;0.0330000000009489;-0.04000000000004
1.14;1.57740772;1.500008;0.519154000000005;0.854800000000009;0.0335999999998119;-0.039999999999563
1.16;1.58780448;1.517088;0.519837999999994;0.853999999999998;0.0341999999994735;-0.0400000000005174
1.18;1.59821516;1.534152;0.520534000000005;0.853199999999998;0.0348000000005566;-0.04000000000004
1.2;1.60864;1.5512;0.521241999999999;0.852399999999997;0.0353999999996856;-0.04000000000004
1.22;1.61907924;1.568232;0.521961999999998;0.851600000000007;0.0359999999999249;-0.0399999999994849
1.24;1.62953312;1.585248;0.522694000000001;0.850799999999995;0.0366000000001642;-0.0400000000005951
1.26;1.64000188;1.602248;0.523437999999998;0.849999999999994;0.0371999999998484;-0.04000000000004
1.28;1.65048576;1.619232;0.524194;0.849200000000005;0.0378000000000877;-0.0399999999994849
1.3;1.660985;1.6362;0.524961999999995;0.848400000000004;0.0383999999997719;-0.04000000000004
1.32;1.67149984;1.653152;0.525742000000006;0.847599999999992;0.0390000000005663;-0.0400000000005951
1.34;1.68203052;1.670088;0.526534;0.846800000000002;0.0395999999996954;-0.0399999999994849
1.36;1.69257728;1.687008;0.527337999999999;0.846000000000002;0.0401999999999347;-0.04000000000004
1.38;1.70314036;1.703912;0.528153999999997;0.84520000000001;0.0407999999999135;-0.0399999999995686
1.4;1.71372;1.7208;0.528982;0.8444;0.0414000000001191;-0.0400000000005118
1.42;1.72431644;1.737672;0.529822000000002;0.843599999999999;0.0420000000000975;-0.04000000000004
1.44;1.73492992;1.754528;0.530673999999997;0.842799999999998;0.0425999999997817;-0.04000000000004
1.46;1.74556068;1.771368;0.531538000000009;0.841999999999998;0.0432000000005761;-0.04000000000004
1.48;1.75620896;1.788192;0.532413999999992;0.841199999999997;0.04379999999915;-0.04000000000004
1.5;1.766875;1.805;0.533302000000002;0.840399999999996;0.0444000000004996;-0.04000000000004
1.52;1.77755904;1.821792;0.534202000000005;0.839600000000006;0.0450000000001837;-0.0399999999994849
1.54;1.78826132;1.838568;0.535113999999992;0.838799999999994;0.0455999999993128;-0.0400000000005951
1.56;1.79898208;1.855328;0.536038000000005;0.838000000000005;0.0462000000006623;-0.0399999999994849
1.58;1.80972156;1.872072;0.536974000000001;0.837199999999993;0.0467999999997914;-0.0400000000005951
1.6;1.82048;1.8888;0.537922000000001;0.836400000000003;0.0474000000000307;-0.0399999999994849
1.62;1.83125764;1.905512;0.538881999999996;0.835600000000002;0.0479999999997149;-0.04000000000004
1.64;1.84205472;1.922208;0.539854000000001;0.8348;0.0486000000002545;-0.0400000000001292
1.66;1.85287148;1.938888;0.540837999999999;0.834000000000001;0.0491999999998937;-0.0399999999999512
1.68;1.86370816;1.955552;0.541834000000007;0.8332;0.0498000000004328;-0.04000000000004
1.7;1.874565;1.9722;0.542841999999998;0.832399999999999;0.0503999999995619;-0.04000000000004
1.72;1.88544224;1.988832;0.543861999999995;0.831599999999998;0.0509999999998012;-0.04000000000004
1.74;1.89634012;2.005448;0.544894000000006;0.830799999999997;0.0516000000005956;-0.04000000000004
1.76;1.90725888;2.022048;0.545938000000001;0.829999999999997;0.0521999999997246;-0.04000000000004
1.78;1.91819876;2.038632;0.546993999999989;0.829200000000018;0.0527999999994088;-0.0399999999989297
1.8;1.92916;2.0552;0.548062000000004;0.828399999999995;0.0534000000007583;-0.0400000000011502
1.82;1.94014284;2.071752;0.549142000000002;0.827599999999994;0.0539999999998874;-0.04000000000004
1.84;1.95114752;2.088288;0.550233999999993;0.826799999999993;0.0545999999995716;-0.04000000000004
1.86;1.96217428;2.104808;0.551338000000001;0.825999999999993;0.055200000000366;-0.04000000000004
1.88;1.97322336;2.121312;0.552454000000008;0.825200000000023;0.0558000000003561;-0.0399999999984694
1.9;1.984295;2.1378;0.553581999999996;0.824399999999991;0.0563999999994291;-0.0400000000016109
1.92;1.99538944;2.154272;0.554722000000007;0.823600000000012;0.0570000000005288;-0.0399999999989297
1.94;2.00650692;2.170728;0.555874;0.822799999999989;0.0575999999996579;-0.0400000000011502
1.96;2.01764768;2.187168;0.557037999999998;0.821999999999989;0.0581999999998972;-0.04000000000004
1.98;2.02881196;2.203592;0.558214000000001;0.82120000000001;0.0588000000001365;-0.0399999999989297
2;2.04;2.22;0.559401999999997;0.820400000000009;0.0593999999998207;-0.04000000000004
2.02;2.05121204;2.236392;0.560601999999987;0.819599999999986;0.0599999999995048;-0.0400000000011502
2.04;2.06244832;2.252768;0.561814000000016;0.818800000000008;0.0606000000014095;-0.0399999999989297
2.06;2.07370908;2.269128;0.563037999999993;0.817999999999985;0.0611999999988677;-0.0400000000011502
2.08;2.08499456;2.285472;0.564274000000008;0.817200000000006;0.0618000000007778;-0.0399999999989297
2.1;2.096305;2.3018;0.565521999999996;0.816400000000005;0.0623999999993518;-0.04000000000004
2.12;2.10764064;2.318112;0.566781999999998;0.815600000000004;0.0630000000001462;-0.04000000000004
2.14;2.11900172;2.334408;0.568053999999995;0.814799999999981;0.0635999999998304;-0.0400000000011502
2.16;2.13038848;2.350688;0.569338000000008;0.814000000000003;0.0642000000006248;-0.0399999999989297
2.18;2.14180116;2.366952;0.570633999999992;0.813200000000002;0.0647999999991988;-0.04000000000004
2.2;2.15324;2.3832;0.571941999999991;0.812400000000001;0.0653999999999932;-0.0400000000000344
2.22;2.16470524;2.399432;0.573262000000007;0.811600000000001;0.0660000000007876;-0.04000000000004
2.24;2.17619712;2.415648;0.574593999999994;0.8108;0.0665999999993616;-0.04000000000004
2.26;2.18771588;2.431848;0.57593800000001;0.810000000000017;0.0672000000008014;-0.0399999999991416
2.28;2.19926176;2.448032;0.577294000000017;0.809199999999998;0.0678000000003064;-0.0400000000009392
2.3;2.210835;2.4642;0.578661999999985;0.808399999999997;0.0683999999984141;-0.04000000000004
2.32;2.22243584;2.480352;0.580042000000013;0.807599999999997;0.069000000001429;-0.04000000000004
2.34;2.23406452;2.496488;0.581433999999991;0.806799999999996;0.0695999999988927;-0.04000000000004
2.36;2.24572128;2.512608;0.582838000000007;0.806000000000017;0.0702000000007973;-0.0399999999989297
2.38;2.25740636;2.528712;0.584253999999995;0.805199999999994;0.0707999999993713;-0.0400000000011502
2.4;2.26912;2.5448;0.585681999999998;0.804399999999993;0.0714000000001657;-0.04000000000004
2.42;2.28086244;2.560872;0.587121999999995;0.803599999999993;0.0719999999998499;-0.04000000000004
2.44;2.29263392;2.576928;0.588574000000008;0.802800000000014;0.0726000000006443;-0.0399999999989297
2.46;2.30443468;2.592968;0.590037999999992;0.801999999999991;0.0731999999992183;-0.0400000000011502
2.48;2.31626496;2.608992;0.591513999999992;0.801200000000012;0.0738000000000127;-0.0399999999989297
2.5;2.328125;2.625;0.593002000000009;0.800399999999989;0.0744000000008071;-0.0400000000011502
2.52;2.34001504;2.640992;0.594501999999996;0.799599999999989;0.074999999999381;-0.04000000000004
2.54;2.35193532;2.656968;0.596014;0.79880000000001;0.0756000000001755;-0.0399999999989297
2.56;2.36388608;2.672928;0.597537999999997;0.798000000000009;0.0761999999998596;-0.04000000000004
2.58;2.37586756;2.688872;0.59907400000001;0.797199999999986;0.0768000000006541;-0.0400000000011502
2.6;2.38788;2.7048;0.600621999999995;0.796400000000008;0.077399999999228;-0.0399999999989297
2.62;2.39992364;2.720712;0.602181999999995;0.795599999999985;0.0780000000000224;-0.0400000000011502
2.64;2.41199872;2.736608;0.603754000000011;0.794800000000006;0.0786000000008168;-0.0399999999989297
2.66;2.42410548;2.752488;0.605337999999999;0.794000000000005;0.0791999999993908;-0.04000000000004
2.68;2.43624416;2.768352;0.606934000000003;0.793200000000004;0.0798000000001852;-0.04000000000004
2.7;2.448415;2.7842;0.608541999999978;0.792399999999981;0.0803999999987592;-0.0400000000011502
2.72;2.46061824;2.800032;0.610162000000014;0.791600000000003;0.081000000001774;-0.0399999999989297
2.74;2.47285412;2.815848;0.611793999999998;0.790800000000002;0.0815999999992378;-0.04000000000004
2.76;2.48512288;2.831648;0.613438000000013;0.790000000000019;0.0822000000007168;-0.0399999999991638
2.78;2.49742476;2.847432;0.615093999999993;0.7892;0.0827999999990336;-0.040000000000917
2.8;2.50976;2.8632;0.616762000000003;0.7884;0.0834000000005108;-0.04000000000004
2.82;2.52212884;2.878952;0.618442000000007;0.787599999999999;0.084000000000195;-0.04000000000004
2.84;2.53453152;2.894688;0.620133999999983;0.786799999999998;0.0845999999987689;-0.04000000000004
2.86;2.54696828;2.910408;0.621838000000018;0.785999999999997;0.0852000000017838;-0.04000000000004
2.88;2.55943936;2.926112;0.623553999999981;0.785199999999996;0.0857999999981373;-0.04000000000004
2.9;2.571945;2.9418;0.625282000000004;0.784400000000018;0.0864000000011521;-0.0399999999989297
2.92;2.58448544;2.957472;0.627021999999999;0.783599999999995;0.0869999999997261;-0.0400000000011502
2.94;2.59706092;2.973128;0.628774000000009;0.782799999999994;0.0876000000005205;-0.04000000000004
2.96;2.60967168;2.988768;0.630537999999991;0.781999999999993;0.0881999999990945;-0.04000000000004
2.98;2.62231796;3.004392;0.632314000000011;0.781200000000015;0.0888000000009991;-0.0399999999989297
3;2.635;3.02;0.63410199999998;0.780399999999992;0.0893999999984628;-0.0400000000011502
3.02;2.64771804;3.035592;0.63590200000001;0.779599999999991;0.0900000000014777;-0.04000000000004
3.04;2.66047232;3.051168;0.637713999999989;0.778800000000012;0.0905999999989414;-0.0399999999989297
3.06;2.67326308;3.066728;0.639538000000006;0.777999999999989;0.0912000000008461;-0.0400000000011502
3.08;2.68609056;3.082272;0.641373999999994;0.777200000000011;0.09179999999942;-0.0399999999989297
3.1;2.698955;3.0978;0.64322200000002;0.776399999999988;0.0924000000013247;-0.0400000000011502
3.12;2.71185664;3.113312;0.645081999999996;0.775600000000009;0.0929999999987884;-0.0399999999989297
3.14;2.72479572;3.128808;0.646953999999988;0.774799999999986;0.0935999999995828;-0.0400000000011502
3.16;2.73777248;3.144288;0.648837999999995;0.774000000000007;0.0942000000003772;-0.0399999999989297
3.18;2.75078716;3.159752;0.650733999999997;0.773200000000007;0.0948000000000614;-0.04000000000004
3.2;2.76384;3.1752;0.652642000000014;0.772399999999984;0.0954000000008558;-0.0400000000011502
3.22;2.77693124;3.190632;0.654562000000002;0.771600000000005;0.0959999999994298;-0.0399999999989297
3.24;2.79006112;3.206048;0.656493999999985;0.770800000000004;0.096599999999114;-0.04000000000004
3.26;2.80322988;3.221448;0.65843800000002;0.77000000000002;0.097200000001748;-0.039999999999186
3.28;2.81643776;3.236832;0.660393999999997;0.769200000000003;0.0977999999988654;-0.0400000000008948
3.3;2.829685;3.2522;0.662362000000005;0.768400000000002;0.098400000000387;-0.04000000000004
3.32;2.84297184;3.267552;0.664342000000006;0.767599999999979;0.0990000000000712;-0.0400000000011502
3.34;2.85629852;3.282888;0.666334000000001;0.7668;0.0995999999997554;-0.0399999999989297
3.36;2.86966528;3.298208;0.66833799999999;0.765999999999999;0.10019999999944;-0.04000000000004
3.38;2.88307236;3.313512;0.670353999999995;0.765199999999999;0.100800000000234;-0.04000000000004
3.4;2.89652;3.3288;0.672382000000015;0.76440000000002;0.101400000001028;-0.0399999999989297
3.42;2.91000844;3.344072;0.674421999999985;0.763599999999997;0.101999999998492;-0.0400000000011502
3.44;2.92353792;3.359328;0.676473999999993;0.762799999999996;0.102600000000397;-0.04000000000004
3.46;2.93710868;3.374568;0.678538000000017;0.761999999999995;0.103200000001191;-0.04000000000004
3.48;2.95072096;3.389792;0.68061399999999;0.761199999999995;0.103799999998655;-0.04000000000004
3.5;2.964375;3.405;0.682702000000001;0.760399999999994;0.10440000000056;-0.04000000000004
3.52;2.97807104;3.420192;0.684802000000006;0.759600000000015;0.105000000000244;-0.0399999999989297
3.54;2.99180932;3.435368;0.686914000000005;0.758799999999992;0.105599999999928;-0.0400000000011502
3.56;3.00559008;3.450528;0.689037999999997;0.757999999999991;0.106199999999607;-0.04000000000004
3.58;3.01941356;3.465672;0.691173999999983;0.757200000000013;0.106799999999296;-0.0399999999989297
3.6;3.03328;3.4808;0.693322000000007;0.75639999999999;0.107400000001201;-0.0400000000011502
3.62;3.04718964;3.495912;0.695482000000002;0.755600000000011;0.107999999999775;-0.0399999999989297
3.64;3.06114272;3.511008;0.697653999999991;0.754799999999988;0.108599999999459;-0.0400000000011502
3.66;3.07513948;3.526088;0.699837999999996;0.75400000000001;0.109200000000253;-0.0399999999989297
3.68;3.08918016;3.541152;0.702034000000017;0.753199999999987;0.109800000001048;-0.0400000000011502
3.7;3.103265;3.5562;0.704241999999988;0.752400000000008;0.110399999998512;-0.0399999999989297
3.72;3.11739424;3.571232;0.706461999999996;0.751600000000007;0.111000000000416;-0.04000000000004
3.74;3.13156812;3.586248;0.708693999999998;0.750799999999984;0.1116000000001;-0.0400000000011502
3.76;3.14578688;3.601248;0.710938000000032;0.750000000000022;0.112200000001686;-0.039999999998098
3.78;3.16005076;3.616232;0.713193999999983;0.749200000000005;0.11279999999757;-0.0400000000008726
3.8;3.17436;3.6312;0.71546200000001;0.748400000000004;0.113400000001373;-0.04000000000004
3.82;3.18871484;3.646152;0.717741999999987;0.747599999999981;0.113999999998837;-0.0400000000011502
3.84;3.20311552;3.661088;0.720034000000002;0.746800000000002;0.114600000000742;-0.0399999999989297
3.86;3.21756228;3.676008;0.722338000000011;0.746000000000002;0.115200000000426;-0.04000000000004
3.88;3.23205536;3.690912;0.724653999999991;0.745200000000001;0.115799999999;-0.04000000000004
3.9;3.246595;3.7058;0.726982000000009;0.7444;0.116400000000905;-0.04000000000004
3.92;3.26118144;3.720672;0.729321999999998;0.743599999999999;0.116999999999479;-0.04000000000004
3.94;3.27581492;3.735528;0.731674000000004;0.742799999999998;0.117600000000273;-0.04000000000004
3.96;3.29049568;3.750368;0.734037999999981;0.741999999999998;0.118199999998847;-0.04000000000004
3.98;3.30522396;3.765192;0.736414000000018;0.741199999999997;0.118800000001862;-0.04000000000004
4;3.32;3.78;0.738801999999982;0.740399999999996;0.119399999998215;-0.04000000000004
4.02;3.33482404;3.794792;0.741202000000023;0.739600000000034;0.120000000002054;-0.0399999999981091
4.04;3.34969632;3.809568;0.743613999999986;0.738799999999978;0.120599999998153;-0.0400000000027924
4.06;3.36461708;3.824328;0.746038000000009;0.73800000000001;0.121200000001145;-0.0399999999983977
4.08;3.37958656;3.839072;0.748473999999982;0.737199999999976;0.12179999999862;-0.0400000000016767
4.1;3.394605;3.8538;0.750922000000014;0.73640000000003;0.122400000001635;-0.0399999999972986
4.12;3.40967264;3.868512;0.753381999999996;0.735599999999975;0.122999999999088;-0.0400000000027813
4.14;3.42478972;3.883208;0.755854000000016;0.734800000000029;0.123600000001014;-0.0399999999972986
4.16;3.43995648;3.897888;0.758337999999985;0.733999999999973;0.124199999998445;-0.0400000000027813
4.18;3.45517316;3.912552;0.760834000000015;0.733200000000005;0.124800000001504;-0.0399999999984088
4.2;3.47044;3.9272;0.763341999999971;0.732399999999994;0.125399999997802;-0.0400000000005553
4.22;3.48575724;3.941832;0.765862000000011;0.731600000000003;0.126000000001994;-0.0399999999995302
4.24;3.50112512;3.956448;0.768393999999999;0.730799999999992;0.12659999999938;-0.0400000000005498
4.26;3.51654388;3.971048;0.770938000000004;0.730000000000024;0.127200000000263;-0.0399999999984199
4.28;3.53201376;3.985632;0.773493999999979;0.729199999999969;0.127799999998737;-0.0400000000027702
4.3;3.547535;4.0002;0.776062000000016;0.728400000000045;0.128400000001863;-0.0399999999961995
4.32;3.56310784;4.014752;0.778641999999978;0.727599999999945;0.128999999998094;-0.0400000000049851
4.34;3.57873252;4.029288;0.781234000000025;0.726800000000043;0.129600000002353;-0.0399999999950948
4.36;3.59440928;4.043808;0.783837999999974;0.725999999999988;0.130199999997452;-0.0400000000027647
4.38;3.61013836;4.058312;0.786454000000031;0.725199999999997;0.130800000002843;-0.0399999999995413
4.4;3.62592;4.0728;0.789081999999967;0.724399999999986;0.131399999996809;-0.0400000000005387
4.42;3.64175444;4.087272;0.791722000000034;0.723599999999995;0.132000000003332;-0.0399999999995413
4.44;3.65764192;4.101728;0.794373999999979;0.722799999999985;0.132599999997276;-0.0400000000005331
4.46;3.67358268;4.116168;0.797038000000011;0.722000000000038;0.133200000001602;-0.0399999999973264
4.48;3.68957696;4.130592;0.799713999999988;0.721199999999983;0.133799999998854;-0.0400000000027536
4.5;3.705625;4.145;0.802402000000008;0.720399999999992;0.134400000000981;-0.0399999999995524
4.52;3.72172704;4.159392;0.80510200000003;0.719600000000058;0.135000000001115;-0.0399999999967102
4.54;3.73788332;4.173768;0.807813999999966;0.718799999999958;0.135599999996774;-0.0400000000049685
4.56;3.75409408;4.188128;0.810538000000011;0.718000000000012;0.136200000002276;-0.0399999999973319
4.58;3.77035956;4.202472;0.813274000000001;0.717200000000001;0.136799999999462;-0.040000000000522
4.6;3.78668;4.2168;0.816022000000011;0.71640000000001;0.137400000000546;-0.0399999999995579
4.62;3.80305564;4.231112;0.818781999999988;0.7156;0.137999999998819;-0.040000000000522
4.64;3.81948672;4.245408;0.821554000000009;0.714800000000008;0.138600000001035;-0.0399999999995635
4.66;3.83597348;4.259688;0.824337999999972;0.713999999999954;0.139199999998176;-0.0400000000027369
4.68;3.85251616;4.273952;0.827134000000025;0.713200000000051;0.139800000002635;-0.0399999999951226
4.7;3.869115;4.2882;0.829941999999975;0.712399999999952;0.140399999997528;-0.0400000000049518
4.72;3.88577024;4.302432;0.832762000000016;0.711600000000005;0.14100000000202;-0.0399999999973486
4.74;3.90248212;4.316648;0.835593999999998;0.710799999999995;0.141599999999106;-0.0400000000005109
4.76;3.91925088;4.330848;0.838438000000004;0.710000000000004;0.14220000000029;-0.0399999999995746
4.78;3.93607676;4.345032;0.841293999999995;0.709199999999993;0.142799999999573;-0.0400000000005054
4.8;3.95296;4.3592;0.844162000000011;0.708400000000046;0.143400000000779;-0.0399999999973541
4.82;3.96990084;4.373352;0.847041999999989;0.707599999999947;0.143999999998931;-0.0400000000049407
4.84;3.98689952;4.387488;0.849934000000015;0.706800000000045;0.144600000001269;-0.0399999999951392
4.86;4.00395628;4.401608;0.852837999999958;0.70599999999999;0.145199999997178;-0.0400000000027203
4.88;4.02107136;4.415712;0.855754000000016;0.705199999999999;0.145800000002869;-0.0399999999995857
4.9;4.038245;4.4298;0.858681999999991;0.704399999999989;0.14639999999875;-0.0400000000004943
4.92;4.05547744;4.443872;0.861622000000014;0.703599999999997;0.147000000001144;-0.0399999999995857
4.94;4.07276892;4.457928;0.864573999999976;0.702799999999987;0.147599999998107;-0.0400000000004887
4.96;4.09011968;4.471968;0.867538000000031;0.70200000000004;0.148200000002749;-0.0399999999973708
4.98;4.10752996;4.485992;0.87051399999998;0.701199999999986;0.148799999997459;-0.0400000000027092
5;4.125;4.5;0.873502000000022;0.700399999999994;0.149400000002129;-0.0399999999995968
5.02;4.14253004;4.513992;0.876501999999998;0.699600000000015;0.149999999998765;-0.0399999999989306
5.04;4.16012032;4.527968;0.879513999999994;0.698800000000006;0.150599999999825;-0.0400000000004776
5.06;4.17777108;4.541928;0.88253800000004;0.698000000000013;0.151200000002308;-0.0399999999996023
5.08;4.19548256;4.555872;0.88557399999998;0.69719999999996;0.151799999996962;-0.0400000000026981
5.1;4.213255;4.5698;0.888622000000013;0.696400000000012;0.152400000001693;-0.0399999999973819
5.12;4.23108864;4.583712;0.891681999999984;0.695600000000002;0.152999999998534;-0.0400000000004776
5.14;4.24898372;4.597608;0.894754000000006;0.69480000000001;0.153600000001073;-0.0399999999996079
5.16;4.26694048;4.611488;0.897837999999963;0.693999999999956;0.154199999997886;-0.040000000002687
5.18;4.28495916;4.625352;0.900934000000017;0.693200000000053;0.154800000002678;-0.0399999999951725
5.2;4.30304;4.6392;0.904042000000006;0.692399999999955;0.155399999999463;-0.0400000000049074
5.22;4.32118324;4.653032;0.907162000000003;0.691600000000007;0.155999999999837;-0.039999999997393
5.24;4.33938912;4.666848;0.910293999999979;0.690799999999998;0.156599999998821;-0.0400000000004665
5.26;4.35765788;4.680648;0.913438000000008;0.690000000000005;0.157200000001437;-0.039999999999619
5.28;4.37598976;4.694432;0.916594000000016;0.689199999999996;0.157800000000393;-0.0400000000004554
5.3;4.394385;4.7082;0.919761999999988;0.688400000000004;0.158399999998607;-0.0399999999996245
5.32;4.41284384;4.721952;0.922941999999983;0.687599999999995;0.158999999999745;-0.0400000000004554
5.34;4.43136652;4.735688;0.926134000000032;0.686800000000002;0.159600000002428;-0.0399999999996245
5.36;4.44995328;4.749408;0.929337999999969;0.685999999999993;0.160199999996881;-0.0400000000004554
5.38;4.46860436;4.763112;0.932554000000005;0.6852;0.160800000001807;-0.0399999999996245
5.4;4.48732;4.7768;0.935782000000019;0.684399999999991;0.161400000000674;-0.0400000000004499
5.42;4.50610044;4.790472;0.939021999999998;0.683600000000043;0.161999999998972;-0.0399999999974152
5.44;4.52494592;4.804128;0.942273999999999;0.68279999999999;0.162600000000031;-0.0400000000026648
5.46;4.54385668;4.817768;0.94553800000001;0.681999999999997;0.163200000000577;-0.0399999999996356
5.48;4.56283296;4.831392;0.948813999999954;0.681199999999988;0.163799999997162;-0.0400000000004443
5.5;4.581875;4.845;0.952102000000042;0.680399999999996;0.164400000004398;-0.0399999999996356
5.52;4.60098304;4.858592;0.955402000000014;0.679600000000017;0.164999999998642;-0.0399999999989362
5.54;4.62015732;4.872168;0.958713999999961;0.678800000000008;0.165599999997309;-0.0400000000004332
5.56;4.63939808;4.885728;0.962038000000052;0.678000000000015;0.166200000004583;-0.0399999999996467
5.58;4.65870556;4.899272;0.965373999999941;0.677199999999962;0.166799999994434;-0.0400000000026537
5.6;4.67808;4.9128;0.96872200000002;0.676400000000014;0.167400000003968;-0.0399999999974263
5.62;4.69752164;4.926312;0.972081999999985;0.675600000000005;0.167999999998232;-0.0400000000004332
5.64;4.71703072;4.939808;0.975454000000052;0.674800000000012;0.168600000003347;-0.0399999999996467
5.66;4.73660748;4.953288;0.978837999999959;0.673999999999959;0.169199999995364;-0.0400000000026481
5.68;4.75625216;4.966752;0.982234000000014;0.67320000000001;0.169800000002738;-0.0399999999974374
5.7;4.775965;4.9802;0.985641999999997;0.672400000000002;0.170399999999156;-0.0400000000004221
5.72;4.79574624;4.993632;0.989061999999995;0.671600000000009;0.170999999999897;-0.0399999999996578
5.74;4.81559612;5.007048;0.99249400000001;0.6708;0.171600000000734;-0.0400000000004221
5.76;4.83551488;5.020448;0.995937999999995;0.670000000000007;0.172199999999277;-0.0399999999996578
5.78;4.85550276;5.033832;0.999393999999997;0.669199999999999;0.172800000000086;-0.0400000000004166
5.8;4.87556;5.0472;1.00286200000001;0.668400000000005;0.173400000000882;-0.0399999999996689
5.82;4.89568684;5.060552;1.00634199999996;0.667599999999997;0.173999999997217;-0.040000000000411
5.84;4.91588352;5.073888;1.00983400000005;0.666800000000004;0.174600000004714;-0.0399999999996689
5.86;4.93615028;5.087208;1.01333799999994;0.665999999999996;0.175199999994354;-0.040000000000411
5.88;4.95648736;5.100512;1.01685400000002;0.665200000000002;0.175800000004093;-0.0399999999996689
5.9;4.976895;5.1138;1.02038199999999;0.664399999999994;0.176399999998141;-0.0400000000004055
5.92;4.99737344;5.127072;1.02392200000001;0.663600000000001;0.177000000001252;-0.03999999999968
5.94;5.01792292;5.140328;1.027474;0.662799999999993;0.177599999999718;-0.0400000000003999
5.96;5.03854368;5.153568;1.03103800000002;0.661999999999999;0.178200000000643;-0.03999999999968
5.98;5.05923596;5.166792;1.03461399999995;0.661199999999991;0.178799999996844;-0.0400000000003999
6;5.08;5.18;1.03820200000004;0.660399999999997;0.179400000004474;-0.03999999999968
6.02;5.10083604;5.193192;1.04180200000001;0.659600000000019;0.179999999998519;-0.0399999999989306
6.04;5.12174432;5.206368;1.045414;0.658800000000011;0.180599999999205;-0.0400000000003944
6.06;5.14272508;5.219528;1.049038;0.658000000000017;0.181200000000218;-0.0399999999996911
6.08;5.16377856;5.232672;1.05267399999997;0.657199999999965;0.181799999998562;-0.0400000000026092
6.1;5.184905;5.2458;1.05632200000001;0.656400000000015;0.182400000001807;-0.0399999999974707
6.12;5.20610464;5.258912;1.05998200000001;0.655599999999963;0.18300000000014;-0.0400000000026037
6.14;5.22737772;5.272008;1.06365399999999;0.654800000000014;0.183599999998977;-0.0399999999974762
6.16;5.24872448;5.285088;1.06733799999998;0.654000000000006;0.184199999999486;-0.0400000000003832
6.18;5.27014516;5.298152;1.07103400000004;0.653200000000012;0.184800000002809;-0.0399999999997022
6.2;5.29164;5.3112;1.07474199999997;0.652400000000005;0.185399999996612;-0.0400000000003777
6.22;5.31320924;5.324232;1.07846200000001;0.651600000000011;0.186000000002199;-0.0399999999997022
6.24;5.33485312;5.337248;1.08219399999998;0.650799999999959;0.186599999998178;-0.0400000000025926
6.26;5.35657188;5.350248;1.08593800000001;0.650000000000009;0.187200000001579;-0.0399999999974873
6.28;5.37836576;5.363232;1.089694;0.649200000000001;0.187799999999767;-0.0400000000003721
6.3;5.400235;5.3762;1.09346200000002;0.648400000000007;0.188400000000958;-0.0399999999997133
6.32;5.42217984;5.389152;1.09724199999996;0.6476;0.188999999996893;-0.0400000000003666
6.34;5.44420052;5.402088;1.10103400000001;0.646800000000006;0.18960000000257;-0.0399999999997133
6.36;5.46629728;5.415008;1.10483799999998;0.645999999999998;0.190199999998459;-0.040000000000361
6.38;5.48847036;5.427912;1.10865400000002;0.645200000000004;0.190800000001949;-0.0399999999997189
6.4;5.51072;5.4408;1.11248199999998;0.644399999999997;0.191399999997817;-0.040000000000361
6.42;5.53304644;5.453672;1.116322;0.643600000000002;0.19200000000134;-0.0399999999997189
6.44;5.55544992;5.466528;1.12017399999999;0.642799999999995;0.192599999999394;-0.040000000000361
6.46;5.57793068;5.479368;1.12403800000001;0.642000000000001;0.193200000000719;-0.0399999999997244
6.48;5.60048896;5.492192;1.12791399999998;0.641199999999994;0.193799999998741;-0.0400000000003499
6.5;5.623125;5.505;1.13180200000003;0.640399999999999;0.19440000000233;-0.03999999999973
6.52;5.64583904;5.517792;1.13570200000004;0.63960000000002;0.195000000000616;-0.0399999999989306
6.54;5.66863132;5.530568;1.13961399999997;0.638799999999969;0.195599999996649;-0.0400000000025704
6.56;5.69150208;5.543328;1.14353800000002;0.638000000000019;0.196200000002526;-0.0399999999975151
6.58;5.71445156;5.556072;1.14747399999994;0.637200000000012;0.196799999996007;-0.0400000000003444
6.6;5.73748;5.5688;1.15142200000003;0.636400000000017;0.197400000004126;-0.0399999999997355
6.62;5.76058764;5.581512;1.15538199999998;0.635599999999966;0.197999999997573;-0.0400000000025593
6.64;5.78377472;5.594208;1.15935400000005;0.634800000000016;0.198600000003506;-0.0399999999975207
6.66;5.80704148;5.606888;1.16333799999994;0.633999999999964;0.19919999999471;-0.0400000000025593
6.68;5.83038816;5.619552;1.16733400000004;0.633200000000014;0.199800000005117;-0.0399999999975207
6.7;5.853815;5.6322;1.17134199999997;0.632400000000007;0.200399999996277;-0.0400000000003388
6.72;5.87732224;5.644832;1.17536200000002;0.631600000000012;0.201000000002287;-0.0399999999997466
6.74;5.90091012;5.657448;1.17939399999997;0.630799999999961;0.201599999997843;-0.0400000000025482
6.76;5.92457888;5.670048;1.18343800000005;0.630000000000055;0.202200000003898;-0.0399999999953113
6.78;5.94832876;5.682632;1.18749399999995;0.62919999999996;0.20279999999498;-0.0400000000047686
6.8;5.97216;5.6952;1.19156200000002;0.628400000000009;0.203400000003266;-0.0399999999975318
6.82;5.99607284;5.707752;1.19564199999999;0.627600000000002;0.203999999998778;-0.0400000000003277
6.84;6.02006752;5.720288;1.199734;0.626800000000007;0.204600000000437;-0.0399999999997578
6.86;6.04414428;5.732808;1.20383800000001;0.626000000000001;0.205200000000345;-0.0400000000003166
6.88;6.06830336;5.745312;1.207954;0.625200000000006;0.205799999999827;-0.0399999999997633
6.9;6.092545;5.7578;1.212082;0.624399999999955;0.206399999999691;-0.0400000000025371
6.92;6.11686944;5.770272;1.21622200000003;0.623600000000049;0.207000000001438;-0.0399999999953224
6.94;6.14127692;5.782728;1.22037399999996;0.622799999999953;0.207599999996817;-0.0400000000047575
6.96;6.16576768;5.795168;1.22453800000002;0.622000000000047;0.208200000003049;-0.039999999995328
6.98;6.19034196;5.807592;1.22871399999995;0.621199999999952;0.208799999996163;-0.0400000000047464
7;6.215;5.82;1.23290200000004;0.620400000000045;0.209400000004649;-0.0399999999953335
7.02;6.23974204;5.832392;1.23710200000005;0.619599999999978;0.210000000000503;-0.0400000000033715
7.04;6.26456832;5.844768;1.24131399999998;0.618800000000016;0.210599999996303;-0.0399999999980851
7.06;6.28947908;5.857128;1.24553800000003;0.618000000000021;0.211200000002625;-0.0399999999997744
7.08;6.31447456;5.869472;1.24977399999994;0.61719999999997;0.211799999995649;-0.0400000000025204
7.1;6.339555;5.8818;1.25402200000003;0.616400000000019;0.212400000004225;-0.0399999999975651
7.12;6.36472064;5.894112;1.25828199999997;0.615599999999969;0.212999999997227;-0.0400000000025149
7.14;6.38997172;5.906408;1.26255400000004;0.614800000000017;0.213600000003615;-0.0399999999975651
7.16;6.41530848;5.918688;1.26683799999997;0.614000000000011;0.214199999996573;-0.0400000000002944
7.18;6.44073116;5.930952;1.27113400000003;0.613199999999971;0.214800000003006;-0.040000000002006
7.2;6.46624;5.9432;1.27544199999995;0.61240000000001;0.215399999995919;-0.0399999999980684
7.22;6.49183524;5.955432;1.27976200000004;0.611600000000014;0.216000000004617;-0.0399999999997966
7.24;6.51751712;5.967648;1.28409399999995;0.610799999999964;0.216599999995266;-0.0400000000025038
7.26;6.54328588;5.979848;1.28843800000003;0.610000000000012;0.217200000004008;-0.0399999999975762
7.28;6.56914176;5.992032;1.29279399999997;0.609200000000007;0.217799999996843;-0.0400000000002833
7.3;6.595085;6.0042;1.29716200000004;0.608400000000011;0.218400000003387;-0.0399999999997966
7.32;6.62111584;6.016352;1.30154199999996;0.607600000000005;0.218999999996189;-0.0400000000002778
7.34;6.64723452;6.028488;1.30593400000001;0.606800000000009;0.219600000002767;-0.0399999999998022
7.36;6.67344128;6.040608;1.31033799999997;0.605999999999959;0.220199999997767;-0.0400000000024982
7.38;6.69973636;6.052712;1.31475400000006;0.605200000000008;0.220800000004378;-0.0399999999975873
7.4;6.72612;6.0648;1.31918199999996;0.604400000000002;0.221399999994893;-0.0400000000002722
7.42;6.75259244;6.076872;1.32362200000003;0.603600000000006;0.222000000003768;-0.0399999999998077
7.44;6.77915392;6.088928;1.32807399999996;0.602800000000001;0.222599999996459;-0.0400000000002667
7.46;6.80580468;6.100968;1.33253800000002;0.602000000000004;0.223200000003159;-0.0399999999998133
7.48;6.83254496;6.112992;1.33701399999998;0.601199999999999;0.223799999998026;-0.0400000000002667
7.5;6.859375;6.125;1.34150200000003;0.600400000000003;0.22440000000255;-0.0399999999998188
7.52;6.88629504;6.136992;1.34600200000004;0.599600000000024;0.225000000000369;-0.0399999999989306
7.54;6.91330532;6.148968;1.35051399999996;0.598799999999974;0.225599999995946;-0.0400000000024816
7.56;6.94040608;6.160928;1.35503800000002;0.598000000000022;0.226200000002735;-0.0399999999975984
7.58;6.96759756;6.172872;1.35957399999997;0.597199999999973;0.226799999997513;-0.040000000002476
7.6;6.99488;6.1848;1.36412200000005;0.596400000000021;0.227400000004346;-0.0399999999976039
7.62;7.02225364;6.196712;1.36868199999995;0.595599999999971;0.227999999994638;-0.040000000002476
7.64;7.04971872;6.208608;1.37325400000006;0.594800000000019;0.228600000005957;-0.0399999999976095
7.66;7.07727548;6.220488;1.37783799999994;0.59399999999997;0.229199999993984;-0.0400000000024705
7.68;7.10492416;6.232352;1.38243400000005;0.593200000000017;0.229800000005347;-0.0399999999976095
7.7;7.132665;6.2442;1.38704199999996;0.592400000000013;0.230399999995551;-0.0400000000002445
7.72;7.16049824;6.256032;1.39166200000001;0.591600000000016;0.231000000002517;-0.0399999999998355
7.74;7.18842412;6.267848;1.39629399999995;0.590799999999967;0.231599999997118;-0.0400000000024649
7.76;7.21644288;6.279648;1.40093800000004;0.590000000000014;0.232200000004117;-0.0399999999976206
7.78;7.24455476;6.291432;1.40559399999997;0.589200000000009;0.232799999996475;-0.0400000000002389
7.8;7.27276;6.3032;1.41026200000004;0.588400000000013;0.233400000003508;-0.039999999999841
7.82;7.30105884;6.314952;1.41494199999995;0.587599999999963;0.233999999995821;-0.0400000000024538
7.84;7.32945152;6.326688;1.41963400000006;0.586800000000011;0.234600000005119;-0.0399999999976261
7.86;7.35793828;6.338408;1.42433799999996;0.586000000000006;0.235199999995167;-0.0400000000002334
7.88;7.38651936;6.350112;1.42905400000005;0.585200000000009;0.23580000000451;-0.0399999999998521
7.9;7.415195;6.3618;1.43378199999994;0.58439999999996;0.236399999994513;-0.0400000000024483
7.92;7.44396544;6.373472;1.43852200000006;0.583600000000008;0.237000000006121;-0.0399999999976317
7.94;7.47283092;6.385128;1.44327399999994;0.582800000000003;0.237599999993859;-0.0400000000002223
7.96;7.50179168;6.396768;1.44803800000005;0.582000000000006;0.238200000005511;-0.0399999999998577
7.98;7.53084796;6.408392;1.45281399999996;0.581200000000002;0.238799999995426;-0.0400000000002223
8;7.56;6.42;1.45760200000001;0.580400000000004;0.239400000002681;-0.0399999999998632
8.02;7.58924804;6.431592;1.46240200000006;0.579600000000026;0.240000000002466;-0.0399999999989306
8.04;7.61859232;6.443168;1.46721400000004;0.578800000000003;0.24059999999883;-0.0400000000011511
8.06;7.64803308;6.454728;1.4720379999999;0.577999999999973;0.241199999993064;-0.0400000000014917
8.08;7.67757056;6.466272;1.47687400000004;0.577200000000001;0.241800000006947;-0.0399999999985865
8.1;7.707205;6.4778;1.48172200000002;0.576400000000023;0.242399999998982;-0.0399999999989306
8.12;7.73693664;6.489312;1.48658200000001;0.5756;0.242999999999787;-0.0400000000011511
8.14;7.76676572;6.500808;1.49145399999994;0.57479999999997;0.243599999996153;-0.0400000000014806
8.16;7.79669248;6.512288;1.49633800000001;0.573999999999998;0.244200000003552;-0.0399999999986031
8.18;7.82671716;6.523752;1.50123400000005;0.573200000000019;0.24480000000216;-0.0399999999989306
8.2;7.85684;6.5352;1.50614200000002;0.572399999999996;0.245399999998524;-0.0400000000011511
8.22;7.88706124;6.546632;1.51106199999992;0.571599999999967;0.2459999999948;-0.0400000000014695
8.24;7.91738112;6.558048;1.51599400000001;0.570800000000039;0.246600000004598;-0.0399999999963882
8.26;7.94779988;6.569448;1.52093800000003;0.570000000000016;0.247200000000896;-0.0400000000011566
8.28;7.97831776;6.580832;1.52589400000006;0.569199999999993;0.247800000001691;-0.0400000000011511
8.3;8.008935;6.5922;1.53086199999984;0.568399999999964;0.248399999989018;-0.0400000000014528
8.32;8.03965184;6.603552;1.53584200000004;0.567599999999991;0.249000000010074;-0.0399999999986253
8.34;8.07046852;6.614888;1.54083400000008;0.566800000000013;0.249600000001865;-0.0399999999989306
8.36;8.10138528;6.626208;1.54583800000004;0.566000000000034;0.250199999998207;-0.0399999999989306
8.38;8.13240236;6.637512;1.55085399999989;0.565199999999961;0.250799999992107;-0.0400000000036622
8.4;8.16352;6.6488;1.55588200000002;0.564399999999988;0.251400000006679;-0.039999999998642
8.42;8.19473844;6.660072;1.56092200000003;0.563600000000054;0.252000000000602;-0.0399999999967102
8.44;8.22605792;6.671328;1.56597400000006;0.562799999999986;0.252600000001385;-0.0400000000033715
8.46;8.25747868;6.682568;1.57103799999987;0.561999999999958;0.253199999990744;-0.0400000000014251
8.48;8.28900096;6.693792;1.57611399999998;0.561200000000029;0.253800000005516;-0.0399999999964326
8.5;8.320625;6.705;1.58120200000006;0.560400000000006;0.254400000003779;-0.0400000000011511
8.52;8.35235104;6.716192;1.58630200000006;0.559600000000028;0.255000000000122;-0.0399999999989362
8.54;8.38417932;6.727368;1.59141399999999;0.558800000000005;0.255599999996486;-0.0400000000011511
8.56;8.41611008;6.738528;1.59653799999988;0.557999999999932;0.256199999994605;-0.0400000000036233
8.58;8.44814356;6.749672;1.60167400000008;0.557200000000047;0.256800000009599;-0.0399999999942344
8.6;8.48028;6.7608;1.60682200000005;0.55639999999998;0.257399999998858;-0.0400000000033715
8.62;8.51251964;6.771912;1.61198200000005;0.555600000000046;0.257999999999664;-0.0399999999967102
8.64;8.54486272;6.783008;1.61715399999982;0.554799999999929;0.2585999999888;-0.0400000000058327
8.66;8.57730948;6.794088;1.62233800000008;0.554000000000044;0.259200000012877;-0.039999999994251
8.68;8.60986016;6.805152;1.62753400000003;0.553199999999977;0.259799999997595;-0.0400000000033715
8.7;8.642515;6.8162;1.632742;0.552400000000042;0.260399999998401;-0.0399999999967102
8.72;8.67527424;6.827232;1.63796199999993;0.55159999999997;0.26099999999633;-0.0400000000035956
8.74;8.70813812;6.838248;1.64319399999998;0.550799999999996;0.261600000002821;-0.039999999998703
8.76;8.74110688;6.849248;1.64843800000009;0.550000000000018;0.262200000005214;-0.0399999999989306
8.78;8.77418076;6.860232;1.65369400000003;0.549199999999995;0.262799999997138;-0.0400000000011566
8.8;8.80736;6.8712;1.65896199999984;0.548399999999967;0.263399999990537;-0.0400000000013585
8.82;8.84064484;6.882152;1.66424200000005;0.547599999999993;0.264000000010528;-0.0399999999987197
8.84;8.87403552;6.893088;1.66953400000004;0.546800000000014;0.26459999999951;-0.0399999999989306
8.86;8.90753228;6.904008;1.67483800000005;0.546000000000036;0.265200000000315;-0.0399999999989306
8.88;8.94113536;6.914912;1.68015399999992;0.545199999999964;0.265799999993614;-0.0400000000035678
8.9;8.974845;6.9258;1.68548200000002;0.54439999999999;0.266400000004924;-0.0399999999987308
8.92;9.00866144;6.936672;1.69082199999998;0.543600000000011;0.266999999998247;-0.0399999999989362