0.0;2.0;5.0;0.0;0.0;0.08218550593934398;-0.0814548171815816
0.02;2.000032874202376;4.999967418073127;0.0016437101187868797;-0.0016290963436316318;0.08218550593934398;-0.0814548171815816
0.04;2.000131496809503;4.999869672292509;0.0032874202375737594;-0.0032581926872632637;0.08218550593934398;-0.0814548171815816
0.06;2.000295867821382;4.999706762658146;0.004931130356360639;-0.0048872890308948955;0.08218550593934398;-0.0814548171815816
0.08;2.000525987238012;4.999478689170038;0.006574840475147519;-0.006516385374526527;0.08218550593934398;-0.0814548171815816
0.1;2.0008218550593933;4.999185451828184;0.008218550593934398;-0.00814548171815816;0.08218550593934398;-0.0814548171815816
0.12;2.0011834712855268;4.998827050632586;0.009862260712721277;-0.009774578061789791;0.08218550593934398;-0.0814548171815816
0.14;2.001610835916411;4.998403485583241;0.011505970831508158;-0.011403674405421425;0.08218550593934398;-0.0814548171815816
0.16;2.002103948952047;4.997914756680151;0.013149680950295038;-0.013032770749053055;0.08218550593934398;-0.0814548171815816
0.18;2.002662810392435;4.9973608639233165;0.014793391069081917;-0.014661867092684687;0.08218550593934398;-0.0814548171815816
0.2;2.003287420237574;4.996741807312737;0.016437101187868796;-0.01629096343631632;0.08218550593934398;-0.0814548171815816
0.22;2.003977778487464;4.996057586848411;0.018080811306655675;-0.017920059779947952;0.08218550593934398;-0.0814548171815816
0.24;2.004733885142106;4.995308202530341;0.019724521425442555;-0.019549156123579582;0.08218550593934398;-0.0814548171815816
0.26;2.0055557402015;4.994493654358525;0.021368231544229437;-0.021178252467211216;0.08218550593934398;-0.0814548171815816
0.28;2.0064433436656444;4.993613942332964;0.023011941663016316;-0.02280734881084285;0.08218550593934398;-0.0814548171815816
0.3;2.007396695534541;4.992669066453658;0.024655651781803196;-0.02443644515447448;0.08218550593934398;-0.0814548171815816
0.32;2.008415795808189;4.9916590267206065;0.026299361900590075;-0.02606554149810611;0.08218550593934398;-0.0814548171815816
0.34;2.009500644486588;4.990583823133809;0.027943072019376958;-0.027694637841737743;0.08218550593934398;-0.0814548171815816
0.36;2.010651241569739;4.989443455693267;0.029586782138163834;-0.029323734185369373;0.08218550593934398;-0.0814548171815816
0.38;2.0118675870576412;4.988237924398979;0.031230492256950713;-0.030952830529001007;0.08218550593934398;-0.0814548171815816
0.4;2.013149680950295;4.986967229250947;0.03287420237573759;-0.03258192687263264;0.08218550593934398;-0.0814548171815816
0.42;2.0144975232477003;4.985631370249169;0.034517912494524475;-0.03421102321626427;0.08218550593934398;-0.0814548171815816
0.44;2.015911113949857;4.984230347393646;0.03616162261331135;-0.035840119559895904;0.08218550593934398;-0.0814548171815816
0.46;2.0173904530567652;4.982764160684377;0.03780533273209823;-0.03746921590352754;0.08218550593934398;-0.0814548171815816
0.48;2.018935540568425;4.981232810121363;0.03944904285088511;-0.039098312247159164;0.08218550593934398;-0.0814548171815816
0.5;2.020546376484836;4.979636295704605;0.04109275296967199;-0.0407274085907908;0.08218550593934398;-0.0814548171815816
0.52;2.0222229608059985;4.9779746174341;0.042736463088458874;-0.04235650493442243;0.08218550593934398;-0.0814548171815816
0.54;2.0239652935319126;4.976247775309851;0.04438017320724576;-0.043985601278054065;0.08218550593934398;-0.0814548171815816
0.56;2.0257733746625783;4.974455769331856;0.04602388332603263;-0.0456146976216857;0.08218550593934398;-0.0814548171815816
0.58;2.0276472041979954;4.972598599500116;0.04766759344481951;-0.047243793965317325;0.08218550593934398;-0.0814548171815816
0.6;2.0295867821381637;4.970676265814631;0.04931130356360639;-0.04887289030894896;0.08218550593934398;-0.0814548171815816
0.62;2.0315921084830837;4.9686887682754;0.05095501368239327;-0.05050198665258059;0.08218550593934398;-0.0814548171815816
0.64;2.0336631832327554;4.966636106882424;0.05259872380118015;-0.05213108299621222;0.08218550593934398;-0.0814548171815816
0.66;2.0358000063871784;4.964518281635703;0.05424243391996703;-0.05376017933984385;0.08218550593934398;-0.0814548171815816
0.68;2.0380025779463526;4.962335292535236;0.055886144038753915;-0.055389275683475486;0.08218550593934398;-0.0814548171815816
0.7;2.0402708979102786;4.960087139581025;0.057529854157540784;-0.05701837202710711;0.08218550593934398;-0.0814548171815816
0.72;2.042604966278956;4.957773822773068;0.05917356427632767;-0.058647468370738746;0.08218550593934398;-0.0814548171815816
0.74;2.0450047830523848;4.955395342111366;0.06081727439511455;-0.06027656471437038;0.08218550593934398;-0.0814548171815816
0.76;2.047470348230565;4.9529516975959185;0.062460984513901426;-0.061905661058002014;0.08218550593934398;-0.0814548171815816
0.78;2.050001661813497;4.950442889226726;0.06410469463268831;-0.06353475740163364;0.08218550593934398;-0.0814548171815816
0.8;2.05259872380118;4.947868917003788;0.06574840475147518;-0.06516385374526527;0.08218550593934398;-0.0814548171815816
0.82;2.055261534193615;4.945229780927105;0.06739211487026206;-0.06679295008889691;0.08218550593934398;-0.0814548171815816
0.84;2.057990092990801;4.942525480996676;0.06903582498904895;-0.06842204643252854;0.08218550593934398;-0.0814548171815816
0.86;2.060784400192739;4.939756017212503;0.07067953510783583;-0.07005114277616017;0.08218550593934398;-0.0814548171815816
0.88;2.063644455799428;4.936921389574583;0.0723232452266227;-0.07168023911979181;0.08218550593934398;-0.0814548171815816
0.9;2.066570259810869;4.934021598082919;0.07396695534540959;-0.07330933546342344;0.08218550593934398;-0.0814548171815816
0.92;2.069561812227061;4.931056642737509;0.07561066546419647;-0.07493843180705508;0.08218550593934398;-0.0814548171815816
0.94;2.0726191130480043;4.928026523538355;0.07725437558298334;-0.0765675281506867;0.08218550593934398;-0.0814548171815816
0.96;2.0757421622736993;4.924931240485455;0.07889808570177022;-0.07819662449431833;0.08218550593934398;-0.0814548171815816
0.98;2.078930959904146;4.921770793578809;0.08054179582055711;-0.07982572083794996;0.08218550593934398;-0.0814548171815816
1.0;2.082185505939344;4.918545182818418;0.08218550593934398;-0.0814548171815816;0.08218550593934398;-0.0814548171815816
1.02;2.0855058003792935;4.915254408204283;0.08382921605813086;-0.08308391352521323;0.08218550593934398;-0.0814548171815816
1.04;2.0888918432239945;4.911898469736402;0.08547292617691775;-0.08471300986884486;0.08218550593934398;-0.0814548171815816
1.06;2.0923436344734467;4.908477367414775;0.08711663629570462;-0.0863421062124765;0.08218550593934398;-0.0814548171815816
1.08;2.0958611741276507;4.904991101239403;0.08876034641449151;-0.08797120255610813;0.08218550593934398;-0.0814548171815816
1.1;2.0994444621866064;4.901439671210286;0.09040405653327839;-0.08960029889973976;0.08218550593934398;-0.0814548171815816
1.12;2.103093498650313;4.897823077327424;0.09204776665206527;-0.0912293952433714;0.08218550593934398;-0.0814548171815816
1.14;2.1068082835187716;4.894141319590816;0.09369147677085213;-0.09285849158700302;0.08218550593934398;-0.0814548171815816
1.16;2.110588816791981;4.890394398000463;0.09533518688963902;-0.09448758793063465;0.08218550593934398;-0.0814548171815816
1.18;2.1144350984699427;4.886582312556365;0.0969788970084259;-0.09611668427426628;0.08218550593934398;-0.0814548171815816
1.2;2.118347128552655;4.8827050632585225;0.09862260712721278;-0.09774578061789792;0.08218550593934398;-0.0814548171815816
1.22;2.12232490704012;4.878762650106934;0.10026631724599966;-0.09937487696152955;0.08218550593934398;-0.0814548171815816
1.24;2.126368433932335;4.8747550731016;0.10191002736478653;-0.10100397330516118;0.08218550593934398;-0.0814548171815816
1.26;2.1304777092293024;4.870682332242521;0.10355373748357342;-0.1026330696487928;0.08218550593934398;-0.0814548171815816
1.28;2.134652732931021;4.866544427529696;0.1051974476023603;-0.10426216599242444;0.08218550593934398;-0.0814548171815816
1.3;2.1388935050374913;4.8623413589631275;0.10684115772114718;-0.10589126233605607;0.08218550593934398;-0.0814548171815816
1.32;2.143200025548713;4.858073126542812;0.10848486783993407;-0.1075203586796877;0.08218550593934398;-0.0814548171815816
1.34;2.1475722944646862;4.853739730268752;0.11012857795872094;-0.10914945502331934;0.08218550593934398;-0.0814548171815816
1.36;2.1520103117854106;4.849341170140947;0.11177228807750783;-0.11077855136695097;0.08218550593934398;-0.0814548171815816
1.38;2.1565140775108866;4.844877446159396;0.11341599819629469;-0.11240764771058259;0.08218550593934398;-0.0814548171815816
1.4;2.1610835916411144;4.8403485583241;0.11505970831508157;-0.11403674405421423;0.08218550593934398;-0.0814548171815816
1.42;2.165718854176093;4.835754506635059;0.11670341843386844;-0.11566584039784586;0.08218550593934398;-0.0814548171815816
1.44;2.1704198651158237;4.831095291092272;0.11834712855265533;-0.11729493674147749;0.08218550593934398;-0.0814548171815816
1.46;2.1751866244603058;4.826370911695741;0.11999083867144221;-0.11892403308510913;0.08218550593934398;-0.0814548171815816
1.48;2.180019132209539;4.821581368445464;0.1216345487902291;-0.12055312942874076;0.08218550593934398;-0.0814548171815816
1.5;2.184917388363524;4.816726661341441;0.12327825890901598;-0.1221822257723724;0.08218550593934398;-0.0814548171815816
1.52;2.1898813929222603;4.811806790383674;0.12492196902780285;-0.12381132211600403;0.08218550593934398;-0.0814548171815816
1.54;2.194911145885748;4.806821755572161;0.12656567914658973;-0.12544041845963566;0.08218550593934398;-0.0814548171815816
1.56;2.2000066472539874;4.801771556906903;0.12820938926537662;-0.12706951480326728;0.08218550593934398;-0.0814548171815816
1.58;2.2051678970269784;4.7966561943879;0.1298530993841635;-0.12869861114689893;0.08218550593934398;-0.0814548171815816
1.6;2.2103948952047205;4.791475668015151;0.13149680950295037;-0.13032770749053055;0.08218550593934398;-0.0814548171815816
1.62;2.2156876417872144;4.786229977788658;0.13314051962173726;-0.1319568038341622;0.08218550593934398;-0.0814548171815816
1.64;2.2210461367744596;4.7809191237084185;0.13478422974052412;-0.13358590017779381;0.08218550593934398;-0.0814548171815816
1.66;2.2264703801664565;4.7755431057744335;0.136427939859311;-0.13521499652142543;0.08218550593934398;-0.0814548171815816
1.68;2.2319603719632046;4.770101923986704;0.1380716499780979;-0.13684409286505708;0.08218550593934398;-0.0814548171815816
1.7;2.237516112164704;4.764595578345229;0.13971536009688476;-0.1384731892086887;0.08218550593934398;-0.0814548171815816
1.72;2.243137600770955;4.759024068850009;0.14135907021567165;-0.14010228555232035;0.08218550593934398;-0.0814548171815816
1.74;2.248824837781958;4.7533873955010435;0.14300278033445854;-0.14173138189595197;0.08218550593934398;-0.0814548171815816
1.76;2.254577823197712;4.747685558298333;0.1446464904532454;-0.14336047823958362;0.08218550593934398;-0.0814548171815816
1.78;2.2603965570182174;4.741918557241877;0.1462902005720323;-0.14498957458321524;0.08218550593934398;-0.0814548171815816
1.8;2.2662810392434745;4.736086392331676;0.14793391069081918;-0.14661867092684688;0.08218550593934398;-0.0814548171815816
1.82;2.2722312698734832;4.730189063567729;0.14957762080960604;-0.1482477672704785;0.08218550593934398;-0.0814548171815816
1.84;2.278247248908243;4.724226570950037;0.15122133092839293;-0.14987686361411015;0.08218550593934398;-0.0814548171815816
1.86;2.2843289763477546;4.7181989144786005;0.15286504104717982;-0.15150595995774177;0.08218550593934398;-0.0814548171815816
1.88;2.290476452192017;4.712106094153418;0.15450875116596668;-0.1531350563013734;0.08218550593934398;-0.0814548171815816
1.9;2.296689676441032;4.70594810997449;0.15615246128475357;-0.15476415264500504;0.08218550593934398;-0.0814548171815816
1.92;2.302968649094798;4.6997249619418175;0.15779617140354044;-0.15639324898863666;0.08218550593934398;-0.0814548171815816
1.94;2.309313370153315;4.6934366500554;0.15943988152232733;-0.1580223453322683;0.08218550593934398;-0.0814548171815816
1.96;2.315723839616584;4.687083174315236;0.16108359164111422;-0.15965144167589992;0.08218550593934398;-0.0814548171815816
1.98;2.3222000574846042;4.680664534721328;0.16272730175990108;-0.16128053801953157;0.08218550593934398;-0.0814548171815816
2.0;2.3287420237573757;4.674180731273673;0.16437101187868797;-0.1629096343631632;0.08218550593934398;-0.0814548171815816
2.02;2.3353497384348993;4.667631763972275;0.16601472199747486;-0.1645387307067948;0.08218550593934398;-0.0814548171815816
2.04;2.342023201517174;4.6610176328171296;0.16765843211626172;-0.16616782705042646;0.08218550593934398;-0.0814548171815816
2.06;2.3487624130042;4.65433833780824;0.1693021422350486;-0.16779692339405808;0.08218550593934398;-0.0814548171815816
2.08;2.355567372895978;4.647593878945606;0.1709458523538355;-0.16942601973768973;0.08218550593934398;-0.0814548171815816
2.1;2.362438081192507;4.640784256229225;0.17258956247262236;-0.17105511608132135;0.08218550593934398;-0.0814548171815816
2.12;2.369374537893788;4.633909469659099;0.17423327259140925;-0.172684212424953;0.08218550593934398;-0.0814548171815816
2.14;2.37637674299982;4.626969519235229;0.17587698271019614;-0.1743133087685846;0.08218550593934398;-0.0814548171815816
2.16;2.3834446965106033;4.619964404957613;0.17752069282898303;-0.17594240511221626;0.08218550593934398;-0.0814548171815816
2.18;2.3905783984261384;4.6128941268262516;0.1791644029477699;-0.17757150145584788;0.08218550593934398;-0.0814548171815816
2.2;2.3977778487464247;4.605758684841145;0.18080811306655678;-0.17920059779947953;0.08218550593934398;-0.0814548171815816
2.22;2.405043047471463;4.598558079002293;0.18245182318534367;-0.18082969414311115;0.08218550593934398;-0.0814548171815816
2.24;2.4123739946012526;4.591292309309696;0.18409553330413053;-0.1824587904867428;0.08218550593934398;-0.0814548171815816
2.26;2.419770690135793;4.583961375763354;0.1857392434229174;-0.1840878868303744;0.08218550593934398;-0.0814548171815816
2.28;2.4272331340750855;4.576565278363266;0.18738295354170426;-0.18571698317400603;0.08218550593934398;-0.0814548171815816
2.3;2.4347613264191295;4.569104017109433;0.18902666366049115;-0.18734607951763765;0.08218550593934398;-0.0814548171815816
2.32;2.442355267167925;4.561577592001855;0.19067037377927804;-0.1889751758612693;0.08218550593934398;-0.0814548171815816
2.34;2.4500149563214717;4.5539860030405315;0.1923140838980649;-0.19060427220490092;0.08218550593934398;-0.0814548171815816
2.36;2.45774039387977;4.5463292502254635;0.1939577940168518;-0.19223336854853257;0.08218550593934398;-0.0814548171815816
2.38;2.46553157984282;4.53860733355665;0.19560150413563868;-0.1938624648921642;0.08218550593934398;-0.0814548171815816
2.4;2.4733885142106216;4.53082025303409;0.19724521425442557;-0.19549156123579584;0.08218550593934398;-0.0814548171815816
2.42;2.481311196983174;4.522968008657785;0.19888892437321243;-0.19712065757942746;0.08218550593934398;-0.0814548171815816
2.44;2.4892996281604782;4.5150506004277355;0.20053263449199932;-0.1987497539230591;0.08218550593934398;-0.0814548171815816
2.46;2.497353807742534;4.507068028343941;0.2021763446107862;-0.20037885026669072;0.08218550593934398;-0.0814548171815816
2.48;2.5054737357293413;4.4990202924064;0.20382005472957307;-0.20200794661032237;0.08218550593934398;-0.0814548171815816
2.5;2.5136594121208997;4.4909073926151155;0.20546376484835996;-0.203637042953954;0.08218550593934398;-0.0814548171815816
2.52;2.5219108369172103;4.482729328970084;0.20710747496714685;-0.2052661392975856;0.08218550593934398;-0.0814548171815816
2.54;2.5302280101182717;4.474486101471308;0.2087511850859337;-0.20689523564121726;0.08218550593934398;-0.0814548171815816
2.56;2.538610931724085;4.466177710118787;0.2103948952047206;-0.20852433198484888;0.08218550593934398;-0.0814548171815816
2.58;2.547059601734649;4.4578041549125205;0.2120386053235075;-0.21015342832848052;0.08218550593934398;-0.0814548171815816
2.6;2.5555740201499653;4.449365435852508;0.21368231544229435;-0.21178252467211214;0.08218550593934398;-0.0814548171815816
2.62;2.5641541869700326;4.440861552938752;0.21532602556108124;-0.2134116210157438;0.08218550593934398;-0.0814548171815816
2.64;2.5728001021948517;4.432292506171249;0.21696973567986813;-0.2150407173593754;0.08218550593934398;-0.0814548171815816
2.66;2.5815117658244224;4.423658295550001;0.21861344579865502;-0.21666981370300706;0.08218550593934398;-0.0814548171815816
2.68;2.590289177858744;4.414958921075009;0.22025715591744188;-0.21829891004663868;0.08218550593934398;-0.0814548171815816
2.7;2.5991323382978178;4.40619438274627;0.22190086603622877;-0.21992800639027033;0.08218550593934398;-0.0814548171815816
2.72;2.6080412471416428;4.397364680563786;0.22354457615501566;-0.22155710273390194;0.08218550593934398;-0.0814548171815816
2.74;2.617015904390219;4.388469814527558;0.22518828627380252;-0.2231861990775336;0.08218550593934398;-0.0814548171815816
2.76;2.6260563100435466;4.379509784637584;0.22683199639258939;-0.22481529542116518;0.08218550593934398;-0.0814548171815816
2.78;2.635162464101626;4.370484590893865;0.22847570651137625;-0.22644439176479683;0.08218550593934398;-0.0814548171815816
2.8;2.6443343665644568;4.361394233296401;0.23011941663016314;-0.22807348810842845;0.08218550593934398;-0.0814548171815816
2.82;2.653572017432039;4.352238711845191;0.23176312674895003;-0.2297025844520601;0.08218550593934398;-0.0814548171815816
2.84;2.662875416704373;4.343018026540236;0.2334068368677369;-0.23133168079569172;0.08218550593934398;-0.0814548171815816
2.86;2.672244564381458;4.333732177381535;0.23505054698652378;-0.23296077713932337;0.08218550593934398;-0.0814548171815816
2.88;2.681679460463295;4.32438116436909;0.23669425710531067;-0.23458987348295499;0.08218550593934398;-0.0814548171815816
2.9;2.6911801049498827;4.314964987502899;0.23833796722409756;-0.23621896982658663;0.08218550593934398;-0.0814548171815816
2.92;2.7007464978412226;4.305483646782963;0.23998167734288442;-0.23784806617021825;0.08218550593934398;-0.0814548171815816
2.94;2.7103786391373137;4.295937142209281;0.2416253874616713;-0.2394771625138499;0.08218550593934398;-0.0814548171815816
2.96;2.720076528838156;4.286325473781854;0.2432690975804582;-0.24110625885748152;0.08218550593934398;-0.0814548171815816
2.98;2.72984016694375;4.276648641500683;0.24491280769924506;-0.24273535520111317;0.08218550593934398;-0.0814548171815816
3.0;2.739669553454096;4.266906645365766;0.24655651781803195;-0.2443644515447448;0.08218550593934398;-0.0814548171815816
3.02;2.749564688369193;4.257099485377103;0.24820022793681884;-0.2459935478883764;0.08218550593934398;-0.0814548171815816
3.04;2.7595255716890414;4.2472271615346955;0.2498439380556057;-0.24762264423200805;0.08218550593934398;-0.0814548171815816
3.06;2.7695522034136415;4.237289673838543;0.2514876481743926;-0.24925174057563967;0.08218550593934398;-0.0814548171815816
3.08;2.779644583542993;4.227287022288644;0.25313135829317945;-0.2508808369192713;0.08218550593934398;-0.0814548171815816
3.1;2.789802712077096;4.217219206885001;0.25477506841196634;-0.25250993326290294;0.08218550593934398;-0.0814548171815816
3.12;2.80002658901595;4.207086227627612;0.25641877853075323;-0.25413902960653456;0.08218550593934398;-0.0814548171815816
3.14;2.810316214359556;4.196888084516478;0.2580624886495401;-0.25576812595016624;0.08218550593934398;-0.0814548171815816
3.16;2.8206715881079134;4.186624777551598;0.259706198768327;-0.25739722229379786;0.08218550593934398;-0.0814548171815816
3.18;2.8310927102610224;4.176296306732974;0.2613499088871139;-0.2590263186374295;0.08218550593934398;-0.0814548171815816
3.2;2.841579580818882;4.1659026720606045;0.26299361900590074;-0.2606554149810611;0.08218550593934398;-0.0814548171815816
3.22;2.852132199781494;4.155443873534489;0.2646373291246876;-0.26228451132469277;0.08218550593934398;-0.0814548171815816
3.24;2.8627505671488573;4.144919911154629;0.2662810392434745;-0.2639136076683244;0.08218550593934398;-0.0814548171815816
3.26;2.873434682920972;4.134330784921024;0.26792474936226135;-0.265542704011956;0.08218550593934398;-0.0814548171815816
3.28;2.8841845470978384;4.123676494833672;0.26956845948104824;-0.26717180035558763;0.08218550593934398;-0.0814548171815816
3.3;2.895000159679456;4.112957040892576;0.27121216959983513;-0.26880089669921925;0.08218550593934398;-0.0814548171815816
3.32;2.905881520665825;4.102172423097735;0.272855879718622;-0.27042999304285087;0.08218550593934398;-0.0814548171815816
3.34;2.916828630056946;4.091322641449148;0.2744995898374089;-0.27205908938648254;0.08218550593934398;-0.0814548171815816
3.36;2.9278414878528176;4.080407695946817;0.2761432999561958;-0.27368818573011416;0.08218550593934398;-0.0814548171815816
3.38;2.938920094053441;4.06942758659074;0.27778701007498263;-0.2753172820737458;0.08218550593934398;-0.0814548171815816
3.4;2.950064448658816;4.058382313380917;0.2794307201937695;-0.2769463784173774;0.08218550593934398;-0.0814548171815816
3.42;2.961274551668943;4.047271876317349;0.2810744303125564;-0.2785754747610091;0.08218550593934398;-0.0814548171815816
3.44;2.972550403083821;4.036096275400036;0.2827181404313433;-0.2802045711046407;0.08218550593934398;-0.0814548171815816
3.46;2.9838920029034504;4.024855510628978;0.2843618505501302;-0.2818336674482723;0.08218550593934398;-0.0814548171815816
3.48;2.9952993511278314;4.013549582004174;0.2860055606689171;-0.28346276379190394;0.08218550593934398;-0.0814548171815816
3.5;3.0067724477569637;4.002178489525626;0.28764927078770397;-0.28509186013553556;0.08218550593934398;-0.0814548171815816
3.52;3.0183112927908473;3.9907422331933313;0.2892929809064908;-0.28672095647916723;0.08218550593934398;-0.0814548171815816
3.54;3.029915886229483;3.979240813007292;0.2909366910252777;-0.28835005282279885;0.08218550593934398;-0.0814548171815816
3.56;3.0415862280728696;3.9676742289675078;0.2925804011440646;-0.28997914916643047;0.08218550593934398;-0.0814548171815816
3.58;3.0533223183210083;3.9560424810739776;0.2942241112628515;-0.2916082455100621;0.08218550593934398;-0.0814548171815816
3.6;3.065124156973898;3.9443455693267024;0.29586782138163836;-0.29323734185369377;0.08218550593934398;-0.0814548171815816
3.62;3.0769917440315395;3.932583493725682;0.29751153150042525;-0.2948664381973254;0.08218550593934398;-0.0814548171815816
3.64;3.088925079493932;3.9207562542709162;0.2991552416192121;-0.296495534540957;0.08218550593934398;-0.0814548171815816
3.66;3.1009241633610762;3.9088638509624056;0.300798951737999;-0.2981246308845886;0.08218550593934398;-0.0814548171815816
3.68;3.112988995632972;3.896906283800149;0.30244266185678587;-0.2997537272282203;0.08218550593934398;-0.0814548171815816
3.7;3.1251195763096193;3.8848835527841477;0.30408637197557276;-0.3013828235718519;0.08218550593934398;-0.0814548171815816
3.72;3.1373159053910182;3.872795657914401;0.30573008209435965;-0.30301191991548354;0.08218550593934398;-0.0814548171815816
3.74;3.149577982877168;3.8606425991909092;0.30737379221314653;-0.30464101625911516;0.08218550593934398;-0.0814548171815816
3.76;3.1619058087680694;3.8484243766136723;0.30901750233193337;-0.3062701126027468;0.08218550593934398;-0.0814548171815816
3.78;3.1742993830637225;3.83614099018269;0.31066121245072026;-0.3078992089463784;0.08218550593934398;-0.0814548171815816
3.8;3.1867587057641273;3.8237924398979617;0.31230492256950715;-0.3095283052900101;0.08218550593934398;-0.0814548171815816
3.82;3.199283776869283;3.811378725759489;0.313948632688294;-0.3111574016336417;0.08218550593934398;-0.0814548171815816
3.84;3.2118745963791904;3.79889984776727;0.3155923428070809;-0.3127864979772733;0.08218550593934398;-0.0814548171815816
3.86;3.2245311642938495;3.786355805921307;0.31723605292586776;-0.31441559432090493;0.08218550593934398;-0.0814548171815816
3.88;3.2372534806132602;3.773746600221598;0.31887976304465465;-0.3160446906645366;0.08218550593934398;-0.0814548171815816
3.9;3.250041545337422;3.7610722306681437;0.32052347316344154;-0.31767378700816823;0.08218550593934398;-0.0814548171815816
3.92;3.262895358466335;3.7483326972609445;0.32216718328222843;-0.31930288335179985;0.08218550593934398;-0.0814548171815816
3.94;3.27581492;3.735528;0.32381089340101527;-0.32093197969543147;0.08218550593934398;-0.0814548171815816
